354 492 0
878 785 1
235 324 0
41 461 0
636 947 1
790 770 1
837 593 1
754 735 1
468 413 0
675 537 1
724 640 1
742 623 1
602 622 1
169 297 0
76 75 0
682 579 1
999 686 1
717 997 1
68 6 0
757 886 1
402 398 0
832 660 1
125 481 0
600 972 1
149 263 0
439 112 0
293 57 0
763 980 1
292 419 0
360 280 0
47 403 0
102 208 0
203 5 0
624 693 1
990 677 1
810 937 1
600 793 1
258 398 0
31 165 0
996 880 1
359 405 0
256 385 0
618 959 1
958 648 1
635 626 1
762 627 1
753 775 1
680 808 1
750 946 1
756 869 1
475 167 0
471 29 0
340 107 0
779 838 1
833 711 1
413 179 0
656 792 1
612 833 1
439 110 0
493 254 0
183 107 0
429 191 0
934 516 1
120 30 0
324 397 0
111 399 0
572 843 1
487 180 0
679 914 1
510 972 1
576 892 1
787 926 1
673 561 1
643 992 1
449 278 0
836 708 1
571 801 1
108 73 0
272 34 0
576 963 1
164 181 0
461 379 0
859 659 1
883 966 1
461 369 0
468 14 0
420 431 0
135 58 0
219 399 0
829 765 1
487 11 0
777 581 1
262 488 0
908 523 1
808 823 1
6 384 0
577 561 1
921 512 1
737 676 1
850 764 1
106 194 0
594 522 1
865 779 1
421 33 0
244 25 0
286 321 0
405 228 0
25 15 0
446 213 0
811 562 1
775 670 1
550 960 1
282 120 0
797 502 1
745 877 1
330 144 0
657 879 1
30 220 0
3 123 0
636 901 1
213 254 0
761 780 1
377 125 0
997 750 1
285 17 0
893 543 1
385 406 0
719 724 1
445 229 0
485 454 0
568 872 1
512 833 1
608 825 1
990 903 1
47 448 0
315 468 0
480 356 0
564 696 1
94 418 0
184 67 0
130 477 0
24 149 0
842 619 1
4 450 0
145 409 0
650 996 1
149 345 0
901 525 1
576 578 1
9 67 0
987 843 1
368 130 0
666 643 1
5 42 0
645 662 1
39 357 0
960 846 1
233 388 0
691 723 1
632 762 1
708 512 1
737 748 1
59 282 0
170 435 0
31 220 0
988 966 1
769 745 1
384 119 0
36 456 0
338 454 0
999 531 1
247 321 0
706 919 1
65 111 0
473 454 0
79 439 0
168 428 0
38 300 0
200 170 0
302 254 0
181 394 0
886 708 1
557 510 1
954 951 1
646 880 1
674 713 1
191 268 0
352 86 0
812 932 1
714 556 1
965 904 1
840 523 1
240 62 0
606 527 1
609 775 1
254 187 0
668 770 1
857 508 1
829 917 1
758 868 1
86 352 0
293 409 0
613 953 1
500 528 1
228 37 0
191 285 0
373 51 0
562 618 1
947 597 1
209 102 0
454 85 0
219 68 0
900 954 1
951 784 1
421 404 0
21 156 0
691 757 1
579 941 1
43 153 0
651 877 1
601 747 1
442 194 0
185 406 0
924 769 1
22 328 0
575 743 1
904 884 1
986 888 1
672 826 1
543 626 1
436 355 0
141 146 0
784 896 1
365 78 0
972 663 1
272 475 0
586 846 1
528 843 1
122 122 0
881 649 1
742 672 1
974 944 1
147 322 0
890 935 1
205 52 0
167 113 0
435 62 0
554 815 1
282 341 0
282 423 0
