-37 156 0
103 67 0
-3 -106 0
-79 185 0
6 12 0
-33 132 0
-294 677 1
121 -103 0
-118 -228 0
275 -84 0
-135 -137 0
-121 43 0
160 -46 0
-837 23 1
282 84 0
821 64 1
-464 537 1
62 105 0
-145 57 0
19 33 0
407 894 1
-147 781 1
217 705 1
-13 -9 0
-176 139 0
-755 -159 1
-240 149 0
299 -790 1
-758 -459 1
-2 7 0
215 154 0
-558 -547 1
-376 -908 1
559 -757 1
-496 -605 1
64 38 0
363 656 1
-271 -909 1
-313 902 1
-33 -170 0
-411 655 1
630 598 1
37 -784 1
909 118 1
-17 -111 0
404 586 1
65 -192 0
25 23 0
-117 61 0
125 -15 0
35 118 0
134 964 1
814 328 1
-8 -11 0
-774 -290 1
794 21 1
-273 -709 1
-891 -351 1
-30 223 0
389 -586 1
7 -166 0
-681 -501 1
91 35 0
201 -875 1
150 -169 0
-19 37 0
70 55 0
62 -82 0
670 549 1
766 347 1
45 6 0
-65 930 1
-72 -16 0
-64 120 0
514 515 1
698 63 1
594 -560 1
-53 68 0
743 502 1
80 -261 0
336 -784 1
-795 521 1
-259 148 0
-111 59 0
49 19 0
-93 233 0
36 98 0
-757 -73 1
-155 75 0
-486 548 1
38 3 0
227 -40 0
177 885 1
838 223 1
212 726 1
-75 80 0
688 -265 1
28 -31 0
-215 854 1
-886 -311 1
-7 -213 0
425 757 1
-5 19 0
-95 -117 0
-133 -750 1
725 -111 1
-547 -551 1
-139 -105 0
-17 -967 1
113 169 0
442 716 1
696 -514 1
17 -64 0
-736 92 1
199 -29 0
175 -47 0
2 -4 0
-212 -895 1
-36 207 0
-962 109 1
30 -51 0
702 297 1
596 -534 1
-4 267 0
-403 899 1
-813 -365 1
13 716 1
383 719 1
-243 42 0
127 -136 0
403 -713 1
235 -75 0
-193 131 0
330 -622 1
-26 213 0
3 -115 0
204 52 0
319 -720 1
16 -16 0
-302 -657 1
-92 -163 0
-329 -819 1
-37 -786 1
938 285 1
-946 -127 1
97 -64 0
732 54 1
-182 60 0
-83 24 0
368 -614 1
-796 15 1
699 -79 1
16 -8 0
-840 -532 1
46 -85 0
113 812 1
97 65 0
14 291 0
-845 436 1
69 -105 0
-974 207 1
-137 122 0
-18 -97 0
1 66 0
-75 56 0
-814 434 1
-82 129 0
351 861 1
168 -36 0
733 -135 1
-276 -21 0
-479 639 1
-811 549 1
-153 168 0
837 131 1
51 803 1
590 637 1
-530 -696 1
29 20 0
-16 -134 0
910 -170 1
81 70 0
589 775 1
22 137 0
-3 16 0
49 10 0
-46 -172 0
892 130 1
74 -925 1
26 208 0
363 -654 1
911 194 1
132 941 1
323 661 1
685 -671 1
700 470 1
80 -112 0
77 -32 0
143 786 1
340 -777 1
4 8 0
-2 31 0
93 101 0
-113 -269 0
117 -202 0
23 52 0
632 496 1
288 -5 0
199 820 1
210 19 0
-146 724 1
906 -170 1
-797 -576 1
-37 -3 0
122 -172 0
723 -231 1
-4 713 1
-128 33 0
472 523 1
-205 29 0
-541 -798 1
-45 -10 0
-54 192 0
794 20 1
63 109 0
760 47 1
160 -711 1
-93 50 0
237 9 0
-344 699 1
-183 68 0
747 367 1
338 -619 1
-36 94 0
-915 344 1
-564 -584 1
448 761 1
101 927 1
104 -115 0
-83 -760 1
-27 4 0
-483 539 1
-409 843 1
-123 -83 0
-42 -41 0
737 -323 1
-88 870 1
-231 -796 1
-12 -33 0
-362 871 1
